Kmer i.0 i.1 i.2 i.3 i.4 i.5 i.6 i.7 i.8 i.9 ii.0 ii.1 ii.2 ii.3 ii.4 ii.5 ii.6 ii.7 ii.8 ii.9 iii.0 iii.1 iii.2 iii.3 iii.4 iii.5 iii.6 iii.7 iii.8 iii.9 iv.0 iv.1 iv.2 iv.3 iv.4 iv.5 iv.6 iv.7 iv.8 iv.9 v.0 v.1 v.2 v.3 v.4 v.5 v.6 v.7 v.8 v.9 x.0 x.1 x.2 x.3 x.4 x.5 x.6 x.7 x.8 x.9 
AATTTGCC 680 1291 557 116 147 119 109 508 414 487 426 471 399 133 71 72 109 316 1228 1086 495 424 352 81 75 82 100 355 1411 895 705 931 374 125 103 113 111 337 225 200 970 961 591 130 144 135 190 253 607 560 382 257 108 107 96 81 100 164 359 235
ATTTGCCA 192 346 177 114 115 113 105 197 160 177 154 163 161 103 104 108 109 150 383 343 264 161 153 80 89 85 85 180 431 292 206 255 153 107 112 99 111 158 98 100 319 334 281 126 115 127 147 162 254 232 175 193 131 109 94 93 118 127 182 158
ATTTGCCC 73 96 56 24 32 33 28 59 41 33 34 47 36 29 26 24 29 39 83 74 62 39 44 24 25 26 37 34 62 64 53 53 51 64 34 34 30 50 40 33 94 97 71 50 41 37 45 45 74 69 45 49 32 48 46 35 32 45 152 52
ATTTGCCG 973 1761 736 111 123 89 168 763 560 712 534 529 542 124 61 48 104 390 1834 1643 696 515 466 57 32 54 71 410 2091 1235 875 1246 432 96 79 106 86 401 220 228 1361 1414 750 87 115 127 149 279 728 708 442 221 71 78 71 61 85 154 337 219
ATTTGCCT 79 107 80 55 59 56 38 54 46 61 51 60 57 64 53 49 52 61 92 83 57 49 63 52 63 53 52 54 97 85 78 119 75 49 47 64 68 63 65 56 133 122 76 97 81 55 88 81 89 91 75 66 66 71 71 63 68 65 64 80
CATTTGCC 58 102 62 61 61 59 45 71 61 64 58 53 57 50 57 66 61 76 82 88 105 50 53 48 55 54 51 62 77 56 69 79 62 50 58 70 63 74 56 58 121 117 111 64 73 64 71 75 97 77 71 85 66 78 81 64 72 71 64 86
GATTTGCC 502 817 352 70 67 55 129 439 264 363 245 206 269 73 57 39 56 184 991 854 411 246 268 38 25 29 41 195 1103 644 342 549 179 85 44 69 52 180 78 98 675 748 384 79 65 69 77 156 356 376 209 104 39 49 41 43 46 80 238 105
TATTTGCC 77 100 78 57 54 58 56 55 68 69 44 69 71 64 59 52 68 64 91 115 68 44 53 46 54 53 53 66 90 81 96 114 96 56 67 51 69 81 64 61 141 141 92 87 70 78 91 83 85 87 75 83 87 72 64 64 85 76 74 83
AATTTGCC 680 1291 557 116 147 119 109 508 414 487 426 471 399 133 71 72 109 316 1228 1086 495 424 352 81 75 82 100 355 1411 895 705 931 374 125 103 113 111 337 225 200 970 961 591 130 144 135 190 253 607 560 382 257 108 107 96 81 100 164 359 235
ACTTTGCC 50 76 47 35 42 43 45 51 66 58 65 57 61 46 36 48 45 58 64 76 56 49 54 33 43 38 48 43 76 57 44 75 64 53 45 51 51 55 44 44 87 103 72 82 59 72 70 68 90 83 57 55 56 73 69 59 46 66 69 66
AGTTTGCC 145 156 94 42 42 31 31 95 80 76 59 74 64 49 44 37 49 65 137 137 69 42 59 32 41 38 46 59 167 135 85 114 69 41 49 38 42 58 49 46 173 187 129 58 48 47 64 91 83 74 90 72 54 48 61 45 43 55 76 79
ATTTGCCA 192 346 177 114 115 113 105 197 160 177 154 163 161 103 104 108 109 150 383 343 264 161 153 80 89 85 85 180 431 292 206 255 153 107 112 99 111 158 98 100 319 334 281 126 115 127 147 162 254 232 175 193 131 109 94 93 118 127 182 158
ATTTGCCC 73 96 56 24 32 33 28 59 41 33 34 47 36 29 26 24 29 39 83 74 62 39 44 24 25 26 37 34 62 64 53 53 51 64 34 34 30 50 40 33 94 97 71 50 41 37 45 45 74 69 45 49 32 48 46 35 32 45 152 52
ATTTGCCG 973 1761 736 111 123 89 168 763 560 712 534 529 542 124 61 48 104 390 1834 1643 696 515 466 57 32 54 71 410 2091 1235 875 1246 432 96 79 106 86 401 220 228 1361 1414 750 87 115 127 149 279 728 708 442 221 71 78 71 61 85 154 337 219
ATTTGCCT 79 107 80 55 59 56 38 54 46 61 51 60 57 64 53 49 52 61 92 83 57 49 63 52 63 53 52 54 97 85 78 119 75 49 47 64 68 63 65 56 133 122 76 97 81 55 88 81 89 91 75 66 66 71 71 63 68 65 64 80
ATTTTGCC 183 250 177 95 80 86 80 178 158 168 166 157 171 96 93 67 87 146 234 232 183 161 165 94 87 82 98 126 275 197 205 228 161 98 114 117 107 161 138 137 303 284 209 146 144 116 153 144 255 228 192 181 130 145 119 119 118 130 158 164
CATTTGCC 58 102 62 61 61 59 45 71 61 64 58 53 57 50 57 66 61 76 82 88 105 50 53 48 55 54 51 62 77 56 69 79 62 50 58 70 63 74 56 58 121 117 111 64 73 64 71 75 97 77 71 85 66 78 81 64 72 71 64 86
CCTTTGCC 25 18 30 21 25 30 29 25 18 19 24 27 30 28 27 23 27 42 18 27 20 16 23 20 24 34 24 28 27 29 32 22 29 29 35 29 29 32 14 27 41 29 32 31 28 36 32 31 48 30 23 44 43 34 29 25 31 30 25 20
CGTTTGCC 84 113 63 40 25 31 33 52 55 47 49 52 63 32 24 22 30 48 104 100 42 49 36 25 28 20 28 69 83 67 83 93 67 29 23 27 23 62 28 42 138 139 95 42 35 28 39 64 65 62 73 53 48 39 37 36 48 50 64 45
CTTTGCCA 41 44 39 44 55 54 60 47 50 40 56 59 54 74 58 38 48 66 50 41 44 46 49 48 58 72 43 37 44 47 55 55 55 54 65 65 73 74 43 61 90 89 80 82 74 94 76 81 74 66 48 69 68 60 54 69 68 66 81 66
CTTTGCCC 19 10 17 15 22 14 21 23 19 17 24 17 14 20 20 19 31 27 21 17 12 7 16 19 20 14 17 22 21 19 22 23 25 16 28 24 23 20 7 26 33 30 41 35 22 23 30 21 37 20 21 36 35 39 35 39 32 36 24 39
CTTTGCCG 44 69 34 22 27 30 34 52 38 51 42 37 36 18 22 22 24 25 48 74 45 27 25 22 23 22 26 40 75 51 35 60 50 31 27 31 25 26 24 27 63 82 57 50 34 35 33 40 59 45 42 34 48 40 27 30 40 39 30 38
CTTTGCCT 34 25 35 39 39 36 32 38 40 36 46 38 48 44 29 47 39 49 29 56 32 19 35 32 26 40 38 36 32 27 29 39 49 53 56 50 52 50 32 27 50 47 53 53 63 59 55 65 72 45 52 45 49 52 58 47 40 48 40 34
CTTTTGCC 66 60 36 79 61 60 43 65 49 59 55 67 81 55 49 68 59 59 69 66 52 53 66 50 52 55 51 65 66 114 82 83 87 63 71 67 69 67 53 56 73 85 68 89 86 72 68 79 99 79 83 88 74 71 66 76 64 51 66 74
GATTTGCC 502 817 352 70 67 55 129 439 264 363 245 206 269 73 57 39 56 184 991 854 411 246 268 38 25 29 41 195 1103 644 342 549 179 85 44 69 52 180 78 98 675 748 384 79 65 69 77 156 356 376 209 104 39 49 41 43 46 80 238 105
GCTTTGCC 28 29 21 23 28 14 22 36 31 28 30 26 19 23 16 16 20 22 33 42 30 13 19 21 16 27 14 29 42 24 31 33 31 19 29 28 30 27 22 25 45 44 57 24 35 21 29 35 38 30 32 26 33 22 30 40 31 28 23 25
GGTTTGCC 161 291 154 24 22 12 42 148 105 118 74 96 107 18 25 22 29 79 338 234 86 100 75 19 17 16 17 79 388 250 114 231 83 21 18 21 21 67 25 26 214 249 134 30 17 27 32 72 135 110 63 37 26 18 28 28 20 22 58 36
GTTTGCCA 76 82 78 65 53 32 51 61 58 59 50 61 56 50 59 48 49 60 84 100 43 47 51 40 56 47 54 52 98 69 68 88 71 47 64 58 50 85 60 49 138 154 128 86 71 71 81 101 92 74 73 71 93 79 76 75 58 62 84 76
GTTTGCCC 23 24 24 16 16 12 14 27 30 16 21 20 19 26 29 24 29 26 30 16 17 17 13 16 14 15 17 32 24 19 31 29 32 18 16 18 24 22 23 11 36 27 37 31 24 24 16 26 38 32 32 30 24 21 29 18 21 27 21 25
GTTTGCCG 306 476 215 41 41 30 60 213 173 175 134 154 163 27 29 35 43 116 492 370 141 128 109 32 21 10 33 139 503 384 202 330 134 22 35 33 22 95 40 59 394 419 204 35 35 33 47 107 155 143 127 86 43 27 39 38 48 54 99 88
GTTTGCCT 43 50 39 32 29 47 29 37 22 25 26 45 50 45 43 32 29 35 49 46 28 30 32 25 34 35 30 29 51 36 46 46 54 54 37 29 34 40 31 42 63 57 70 42 41 47 48 69 62 45 52 43 39 45 56 43 49 51 65 48
GTTTTGCC 76 109 79 56 43 57 53 64 77 64 68 84 73 60 55 65 73 61 126 96 79 61 72 55 58 54 65 76 115 98 84 99 81 69 58 54 85 82 86 65 160 135 124 95 72 88 82 124 104 102 95 111 92 92 58 62 103 91 104 108
TATTTGCC 77 100 78 57 54 58 56 55 68 69 44 69 71 64 59 52 68 64 91 115 68 44 53 46 54 53 53 66 90 81 96 114 96 56 67 51 69 81 64 61 141 141 92 87 70 78 91 83 85 87 75 83 87 72 64 64 85 76 74 83
TCTTTGCC 35 25 27 41 48 47 51 48 32 39 49 41 42 59 50 39 50 45 33 43 27 21 29 47 44 49 38 35 27 34 34 47 55 53 67 62 63 56 26 45 63 72 70 83 71 82 63 73 66 33 51 59 68 62 46 61 72 65 58 66
TGTTTGCC 58 72 45 48 50 47 48 43 43 34 49 58 54 49 67 58 42 45 76 61 32 31 35 37 39 33 43 45 38 56 65 55 72 50 62 52 44 55 52 47 106 82 81 64 71 73 57 76 64 48 58 68 71 67 74 65 65 67 71 77
TTTGCCAA 229 392 225 186 160 149 150 238 176 197 211 231 214 159 159 134 166 225 422 414 258 233 201 145 144 145 148 201 442 355 292 339 233 160 170 168 170 240 171 159 447 449 394 237 168 206 216 249 317 318 253 262 210 195 163 165 165 192 273 237
TTTGCCAC 106 105 66 68 81 81 62 73 87 130 132 105 79 54 62 79 63 68 103 80 172 75 50 61 75 65 53 84 87 111 113 99 73 75 81 65 79 94 80 87 163 178 109 97 101 85 98 90 131 127 104 182 85 92 82 73 81 95 131 114
TTTGCCAG 105 156 89 47 38 30 71 109 97 82 85 88 95 58 43 47 57 74 181 153 101 85 121 53 50 50 49 68 200 141 113 103 79 53 61 55 70 89 55 63 143 183 136 82 66 67 75 96 144 115 93 91 80 59 63 70 66 60 84 98
TTTGCCAT 85 115 94 82 85 77 85 82 94 86 108 85 84 97 108 80 95 75 107 103 108 84 78 65 75 91 83 82 81 113 94 89 116 68 107 92 107 116 82 93 127 131 130 123 94 127 120 137 133 111 117 138 140 107 111 111 128 105 133 123
TTTGCCCA 172 151 65 45 53 49 47 91 97 106 118 73 65 55 54 34 61 84 200 100 153 89 68 50 49 57 60 59 145 124 133 117 69 51 57 60 52 61 59 69 115 148 132 79 67 76 67 62 124 130 86 81 61 74 68 57 58 87 78 89
TTTGCCCC 40 31 21 27 22 18 33 28 39 31 34 31 22 23 28 28 20 29 31 25 31 26 33 18 25 18 32 27 36 19 45 41 40 23 31 21 24 27 29 24 49 47 36 29 28 20 23 40 36 40 23 40 44 43 29 32 36 36 33 26
TTTGCCCG 62 82 37 17 24 13 17 60 33 17 29 30 25 14 19 11 22 26 58 48 52 38 25 15 17 14 14 22 52 61 32 33 44 54 26 25 19 52 23 27 65 45 59 28 26 25 27 26 55 53 34 35 29 27 30 26 15 27 141 36
TTTGCCCT 27 32 42 26 30 30 24 36 26 44 31 36 31 31 30 36 42 35 39 44 30 28 33 22 28 22 32 37 38 24 38 32 45 37 31 34 37 34 29 22 60 47 42 59 40 45 38 42 41 45 48 55 57 40 50 50 50 50 33 64
TTTGCCGA 744 1214 515 106 112 90 150 537 363 419 356 433 393 105 77 51 92 289 1110 1017 442 379 317 59 44 58 69 325 1370 825 633 868 356 89 89 95 71 251 164 178 975 986 547 98 106 116 154 259 456 451 357 190 80 76 86 75 97 139 259 183
TTTGCCGC 97 159 112 58 48 53 41 83 95 95 109 99 94 45 35 37 47 76 146 147 109 79 64 43 39 29 50 102 127 149 135 144 94 49 45 60 50 89 80 69 197 191 132 65 73 54 72 98 134 97 100 91 75 58 47 41 51 87 88 93
TTTGCCGG 613 1115 446 54 33 24 70 485 343 494 257 276 303 41 30 29 54 220 1229 1021 404 311 290 43 17 24 36 240 1387 868 384 690 213 29 26 40 44 230 50 107 761 871 401 38 38 42 41 151 459 480 210 106 35 37 34 32 40 50 133 99
TTTGCCGT 111 140 91 44 49 49 60 78 94 85 103 86 94 48 42 36 40 68 157 152 96 63 63 39 34 30 48 68 159 105 144 165 102 57 55 41 47 65 91 66 172 192 110 68 54 62 55 74 111 91 85 95 57 65 54 59 69 65 86 68
TTTGCCTA 120 106 94 77 49 41 35 76 68 76 63 78 85 60 39 47 60 71 113 85 92 65 68 44 45 46 42 61 121 97 103 120 86 88 51 44 69 91 57 84 140 132 175 65 94 47 82 85 114 111 101 83 91 82 58 76 99 65 68 85
TTTGCCTC 51 54 49 43 61 55 43 52 44 48 54 54 52 43 37 53 39 47 43 51 33 45 55 40 56 40 35 43 47 48 56 56 64 59 48 64 66 59 49 36 54 51 64 59 75 71 60 60 69 49 56 74 59 82 61 52 60 56 71 62
TTTGCCTG 73 64 56 38 43 45 40 59 50 46 51 53 75 63 45 40 46 57 80 81 58 63 59 47 50 38 41 64 93 69 78 94 86 59 58 55 48 58 56 58 109 100 73 72 66 65 59 74 87 81 69 64 61 62 66 62 46 58 67 57
TTTGCCTT 61 76 64 74 63 79 71 71 70 62 74 74 87 80 76 94 66 75 80 86 63 50 68 64 54 66 72 51 73 71 65 88 83 81 76 92 77 82 92 102 103 108 98 122 102 83 121 92 115 99 101 79 82 110 107 82 110 107 109 102
TTTTGCCA 216 296 180 160 141 138 152 197 186 219 276 226 201 141 151 146 175 166 296 266 288 223 197 156 141 147 151 166 237 312 283 232 222 148 178 158 192 222 187 192 333 364 280 245 169 193 205 228 305 299 271 340 223 205 195 182 196 197 274 272
TTTTGCCC 186 166 68 60 59 51 58 106 105 132 133 86 74 48 56 42 56 82 194 110 175 118 86 46 60 56 67 57 164 126 142 118 90 67 67 64 55 82 70 72 126 133 120 79 74 82 64 78 107 147 93 96 100 76 67 73 74 92 88 99
TTTTGCCG 242 322 179 88 51 67 59 155 124 155 115 174 143 70 72 48 62 122 268 250 169 162 134 73 58 55 73 146 374 277 184 231 149 75 74 66 79 113 101 106 287 325 179 97 87 79 93 156 218 223 141 141 85 91 84 78 84 94 100 98
TTTTGCCT 149 118 109 106 89 81 90 129 124 110 119 116 144 93 72 106 91 105 146 118 129 125 120 86 82 62 70 100 154 137 149 154 141 131 93 112 106 137 126 155 160 165 211 126 152 105 131 96 162 159 148 146 139 168 107 119 158 122 146 144
TTTTTGCC 468 483 244 184 156 134 183 280 255 325 354 294 237 141 154 142 165 209 475 350 447 353 234 162 144 129 147 202 473 443 387 325 273 191 169 162 171 244 207 267 370 483 389 217 180 183 190 211 334 419 283 343 251 232 210 195 227 233 280 267
